2147483647C
451634 297
1836 1
1670 1
1960 1
1726 1
1757 1
1909 1
1822 1
1946 1
1946 1
1760 1
1836 1
1866 1
1820 1
1841 1
1844 1
1509 1
1780 1
1846 1
1849 1
1417 1
1417 1
1417 1
1420 1
1968 1
1832 1
2010 1
2779 1
2000 1
1459 1
1454 1
1459 1
1445 1
1457 1
1459 1
1970 1
1456 1
2011 1
2224 1
2823 1
2806 1
1702 1
1702 1
1667 1
1667 1
1667 1
1963 1
1958 1
2788 1
1835 1
2821 1
1952 1
2798 1
2803 1
2820 1
2811 1
2816 1
1822 1
1836 1
1854 1
1984 1
1877 1
1922 1
1801 1
1888 1
1877 1
1839 1
1844 1
1843 1
1905 1
1932 1
3792 1
1882 1
1846 1
1850 1
1876 1
1831 1
1869 1
1444 1
1542 1
1838 1
1915 1
1552 1
1549 1
1849 1
1872 1
1735 1
1723 1
3767 1
1909 1
1793 1
1462 1
1904 1
1892 1
2441 1
2238 1
2488 1
1922 1
2262 1
2244 1
3852 1
1777 1
1787 1
1879 1
1486 1
2263 1
1815 1
1804 1
1808 1
1866 1
1769 1
1999 1
2390 1
1922 1
1994 1
2316 1
1921 1
2308 1
2472 1
1792 1
1676 1
2130 1
2101 1
1883 1
1731 1
1853 1
1778 1
2733 1
1790 1
1607 1
3321 1
1615 1
1559 1
2007 1
1774 1
1619 1
1884 1
3009 1
1619 1
1680 1
1621 1
1849 1
1613 1
1836 1
1877 1
2341 1
2453 1
1839 1
1833 1
1836 1
2368 1
2113 1
1863 1
1820 1
2010 1
1840 1
1830 1
1832 1
1829 1
2443 1
1846 1
1875 1
1650 1
1826 1
1658 1
1637 1
1791 1
1940 1
1874 1
1868 1
1878 1
1598 1
1878 1
2386 1
1657 1
1515 1
1883 1
1880 1
1787 1
2161 1
1567 1
1839 1
1781 1
2105 1
1573 1
1711 1
1899 1
3085 1
1650 1
1738 1
1799 1
1796 1
1624 1
1770 1
1509 1
1952 1
1767 1
1584 1
1886 1
1497 1
2014 1
1623 1
2096 1
2067 1
1490 1
1763 1
1657 1
1804 1
1838 1
1514 1
1600 1
1562 1
1534 1
1569 1
1548 1
1873 1
1862 1
2367 1
1936 1
1626 1
1522 1
1564 1
1529 1
2353 1
1578 1
1619 1
1601 1
1464 1
1454 1
2007 1
1448 1
1927 1
1460 1
2107 1
2116 1
1839 1
1858 1
2065 1
2067 1
2089 1
1559 1
1560 1
1809 1
1458 1
1807 1
1461 1
1469 1
1612 1
1460 1
1467 1
1737 1
1757 1
1766 1
1642 1
1904 1
1906 1
1988 1
1568 1
2046 1
1869 1
1964 1
1596 1
1908 1
1763 1
1705 1
1677 1
1606 1
1713 1
1822 1
1949 1
1690 1
1792 1
1706 1
1662 1
1867 1
1570 1
1937 1
1686 1
1710 1
2346 1
1720 1
1604 1
1764 1
1962 1
1648 1
2188 1
1800 1
1578 1
1948 1
1562 1
2070 1
1901 1
1918 1
1733 1
1698 1
1770 1
1754 1
2219 1
1831 1
1688 1
1844 1
1639 1
1698 1
1847 1
1567 1
1485 1
1482 1
1585 1
1816 1
1677 1
1873 1
1933 1
1931 1
1712 1
2016 1
1455 1
1458 1
1801 1
1776 1
1828 1
1675 1
2644 1
1846 1
1854 1
1593 1
1772 1
1643 1
1594 1
1689 1
1746 1
1815 1
1556 1
1625 1
2081 1
1735 1
1806 1
1830 1
